50 0 0
0 1
0 2
0 3
0 4
0 5
0 6
0 7
0 8
0 9
0 11
0 16
0 21
0 22
0 27
0 30
0 32
0 33
0 34
1 0
1 2
1 3
1 4
1 5
1 6
1 7
1 8
1 9
1 10
1 11
1 12
1 15
1 18
1 20
1 26
1 30
1 35
1 36
1 38
1 40
1 42
1 47
2 0
2 1
2 3
2 4
2 5
2 6
2 7
2 8
2 9
2 10
2 11
2 14
2 18
2 23
2 26
2 28
2 29
2 33
3 0
3 1
3 2
3 4
3 5
3 6
3 7
3 8
3 9
3 10
3 12
3 19
3 24
3 27
3 29
3 30
3 31
3 33
3 39
3 41
3 42
3 45
3 48
4 0
4 1
4 2
4 3
4 5
4 6
4 7
4 8
4 9
4 13
4 14
4 15
4 17
4 21
4 23
4 26
4 27
4 29
4 36
4 37
4 38
4 41
4 46
5 0
5 1
5 2
5 3
5 4
5 6
5 7
5 8
5 9
5 10
5 11
5 12
5 13
5 14
5 16
5 17
5 23
5 25
5 26
5 32
5 34
5 35
5 37
5 38
5 44
5 46
5 47
6 0
6 1
6 2
6 3
6 4
6 5
6 7
6 8
6 9
6 10
6 11
6 23
6 34
7 0
7 1
7 2
7 3
7 4
7 5
7 6
7 8
7 9
7 22
7 24
7 39
8 0
8 1
8 2
8 3
8 4
8 5
8 6
8 7
8 9
8 12
8 16
8 18
8 19
8 23
8 25
8 43
8 44
9 0
9 1
9 2
9 3
9 4
9 5
9 6
9 7
9 8
9 11
9 16
9 18
9 25
9 26
9 32
9 47
10 1
10 2
10 3
10 5
10 6
10 19
10 20
10 29
11 0
11 1
11 2
11 5
11 6
11 9
11 37
11 38
11 47
12 1
12 3
12 5
12 8
12 14
12 22
12 23
12 30
12 32
12 33
12 36
12 44
13 4
13 5
13 26
13 33
14 2
14 4
14 5
14 12
14 20
14 29
15 1
15 4
16 0
16 5
16 8
16 9
16 22
16 38
17 4
17 5
18 1
18 2
18 8
18 9
18 25
19 3
19 8
19 10
20 1
20 10
20 14
20 40
21 0
21 4
22 0
22 7
22 12
22 16
23 2
23 4
23 5
23 6
23 8
23 12
23 28
23 43
24 3
24 7
24 36
24 41
24 46
25 5
25 8
25 9
25 18
26 1
26 2
26 4
26 5
26 9
26 13
26 36
26 42
26 45
27 0
27 3
27 4
28 2
28 23
29 2
29 3
29 4
29 10
29 14
29 40
30 0
30 1
30 3
30 12
30 34
31 3
32 0
32 5
32 9
32 12
32 48
33 0
33 2
33 3
33 12
33 13
33 48
34 0
34 5
34 6
34 30
34 35
35 1
35 5
35 34
36 1
36 4
36 12
36 24
36 26
36 38
37 4
37 5
37 11
38 1
38 4
38 5
38 11
38 16
38 36
39 3
39 7
40 1
40 20
40 29
41 3
41 4
41 24
42 1
42 3
42 26
43 8
43 23
44 5
44 8
44 12
45 3
45 26
46 4
46 5
46 24
47 1
47 5
47 9
47 11
48 3
48 32
48 33
