50 0 0
0 1
0 2
0 3
0 4
0 5
0 6
0 7
0 8
0 9
0 10
0 11
0 12
0 13
0 14
0 18
0 23
0 26
0 28
0 30
0 31
0 32
0 33
0 35
0 36
0 38
0 39
0 40
0 42
1 0
1 2
1 3
1 4
1 5
1 6
1 7
1 8
1 9
1 10
1 12
1 15
1 16
1 18
1 21
1 28
1 36
1 43
1 45
1 48
1 49
2 0
2 1
2 3
2 4
2 5
2 6
2 7
2 8
2 9
2 17
2 21
2 22
2 23
2 38
3 0
3 1
3 2
3 4
3 5
3 6
3 7
3 8
3 9
3 10
3 11
3 19
3 22
3 24
3 29
3 31
3 34
3 38
3 39
3 43
3 45
4 0
4 1
4 2
4 3
4 5
4 6
4 7
4 8
4 9
4 11
4 13
4 16
4 18
4 20
4 34
4 41
4 44
4 46
4 48
5 0
5 1
5 2
5 3
5 4
5 6
5 7
5 8
5 9
5 11
5 15
5 21
5 36
6 0
6 1
6 2
6 3
6 4
6 5
6 7
6 8
6 9
6 10
6 11
6 13
6 22
6 26
6 33
6 45
6 47
6 48
7 0
7 1
7 2
7 3
7 4
7 5
7 6
7 8
7 9
7 14
7 28
7 35
7 40
8 0
8 1
8 2
8 3
8 4
8 5
8 6
8 7
8 9
8 12
8 14
8 18
8 25
8 28
8 29
8 30
8 33
8 46
9 0
9 1
9 2
9 3
9 4
9 5
9 6
9 7
9 8
9 17
9 20
9 22
9 25
9 41
9 43
10 0
10 1
10 3
10 6
10 18
10 24
10 30
10 41
11 0
11 3
11 4
11 5
11 6
11 14
11 22
11 35
12 0
12 1
12 8
12 13
12 29
13 0
13 4
13 6
13 12
13 16
13 17
13 33
13 40
14 0
14 7
14 8
14 11
14 16
14 17
14 21
14 22
14 26
14 27
15 1
15 5
15 32
16 1
16 4
16 13
16 14
17 2
17 9
17 13
17 14
17 31
18 0
18 1
18 4
18 8
18 10
18 21
18 23
18 29
18 37
19 3
20 4
20 9
20 46
21 1
21 2
21 5
21 14
21 18
21 28
21 39
21 40
22 2
22 3
22 6
22 9
22 11
22 14
22 34
23 0
23 2
23 18
24 3
24 10
25 8
25 9
26 0
26 6
26 14
26 28
27 14
27 34
28 0
28 1
28 7
28 8
28 21
28 26
28 36
29 3
29 8
29 12
29 18
30 0
30 8
30 10
30 39
31 0
31 3
31 17
31 32
32 0
32 15
32 31
33 0
33 6
33 8
33 13
33 38
34 3
34 4
34 22
34 27
35 0
35 7
35 11
35 48
36 0
36 1
36 5
36 28
37 18
38 0
38 2
38 3
38 33
38 39
38 48
39 0
39 3
39 21
39 30
39 38
40 0
40 7
40 13
40 21
41 4
41 9
41 10
42 0
43 1
43 3
43 9
44 4
45 1
45 3
45 6
46 4
46 8
46 20
47 6
48 1
48 4
48 6
48 35
48 38
49 1
