0 1
0 2
0 3
0 4
0 5
0 6
0 7
0 8
0 9
0 13
0 15
0 17
0 18
0 19
0 24
0 25
0 26
0 28
0 36
0 41
0 42
0 45
0 47
0 48
0 61
0 64
0 68
0 69
0 77
0 83
0 86
0 88
0 97
0 98
0 103
0 106
0 110
0 116
0 117
0 137
0 138
0 163
0 171
0 172
0 177
0 191
0 192
0 193
0 194
0 201
0 213
0 222
0 227
0 229
0 233
0 234
0 241
0 243
0 254
0 260
0 264
0 265
0 317
0 336
0 339
0 340
0 349
0 358
0 360
0 369
0 379
0 380
0 382
0 394
0 399
0 411
0 451
0 466
0 479
0 494
0 548
0 550
0 582
0 585
0 596
0 650
0 652
0 687
0 707
0 708
0 711
0 717
0 729
0 730
0 732
0 737
0 741
0 756
0 762
0 808
0 813
0 825
0 836
0 843
0 851
0 852
0 866
0 870
0 879
0 922
0 939
0 952
0 972
0 990
0 992
0 994
1 0
1 2
1 3
1 4
1 5
1 6
1 7
1 8
1 9
1 10
1 11
1 14
1 15
1 16
1 21
1 24
1 25
1 27
1 28
1 29
1 30
1 31
1 32
1 33
1 38
1 40
1 41
1 46
1 47
1 63
1 67
1 69
1 73
1 77
1 89
1 90
1 95
1 101
1 103
1 107
1 108
1 113
1 115
1 116
1 125
1 128
1 133
1 135
1 138
1 143
1 166
1 189
1 195
1 202
1 207
1 213
1 249
1 257
1 258
1 271
1 283
1 289
1 291
1 295
1 306
1 320
1 333
1 335
1 345
1 347
1 353
1 374
1 380
1 391
1 397
1 404
1 421
1 441
1 446
1 453
1 460
1 464
1 470
1 481
1 495
1 509
1 513
1 515
1 526
1 527
1 540
1 555
1 588
1 615
1 629
1 635
1 655
1 672
1 722
1 744
1 747
1 764
1 784
1 785
1 787
1 798
1 799
1 853
1 856
1 865
1 874
1 882
1 885
1 888
1 911
1 924
1 926
1 931
1 935
1 955
1 961
1 962
1 968
1 978
1 997
2 0
2 1
2 3
2 4
2 5
2 6
2 7
2 8
2 9
2 10
2 12
2 13
2 14
2 15
2 17
2 30
2 36
2 40
2 43
2 44
2 57
2 62
2 75
2 77
2 85
2 86
2 97
2 114
2 121
2 131
2 132
2 149
2 155
2 164
2 165
2 171
2 180
2 185
2 204
2 217
2 218
2 222
2 223
2 224
2 230
2 232
2 264
2 281
2 297
2 312
2 321
2 325
2 334
2 335
2 349
2 368
2 382
2 387
2 392
2 410
2 417
2 450
2 453
2 463
2 499
2 502
2 529
2 539
2 560
2 591
2 596
2 601
2 604
2 605
2 622
2 634
2 718
2 768
2 811
2 899
2 904
2 930
2 964
2 984
2 992
3 0
3 1
3 2
3 4
3 5
3 6
3 7
3 8
3 9
3 14
3 21
3 25
3 47
3 75
3 83
3 99
3 102
3 120
3 147
3 154
3 158
3 167
3 174
3 180
3 186
3 192
3 195
3 231
3 245
3 254
3 267
3 282
3 284
3 307
3 321
3 338
3 346
3 362
3 368
3 371
3 373
3 404
3 408
3 436
3 437
3 458
3 461
3 465
3 470
3 496
3 518
3 533
3 534
3 553
3 581
3 609
3 627
3 639
3 677
3 679
3 680
3 686
3 710
3 731
3 748
3 822
3 825
3 828
3 830
3 853
3 874
3 884
3 887
3 904
3 909
3 926
3 946
3 963
3 966
3 970
3 972
3 980
3 991
4 0
4 1
4 2
4 3
4 5
4 6
4 7
4 8
4 9
4 10
4 18
4 21
4 23
4 24
4 26
4 34
4 48
4 49
4 54
4 55
4 61
4 67
4 71
4 83
4 91
4 94
4 98
4 101
4 107
4 112
4 146
4 162
4 165
4 189
4 192
4 209
4 236
4 243
4 244
4 250
4 255
4 275
4 282
4 288
4 292
4 293
4 314
4 333
4 334
4 354
4 369
4 405
4 409
4 416
4 419
4 423
4 442
4 443
4 476
4 480
4 485
4 499
4 500
4 517
4 520
4 538
4 553
4 597
4 601
4 603
4 609
4 611
4 624
4 631
4 637
4 660
4 676
4 677
4 682
4 687
4 714
4 727
4 767
4 775
4 799
4 801
4 806
4 812
4 815
4 816
4 831
4 832
4 836
4 838
4 855
4 868
4 873
4 875
4 895
4 928
4 933
4 950
4 978
4 979
4 994
5 0
5 1
5 2
5 3
5 4
5 6
5 7
5 8
5 9
5 11
5 14
5 18
5 20
5 41
5 45
5 46
5 52
5 65
5 79
5 82
5 87
5 101
5 118
5 129
5 133
5 134
5 141
5 161
5 164
5 165
5 175
5 181
5 183
5 185
5 188
5 191
5 195
5 221
5 226
5 245
5 251
5 256
5 257
5 268
5 287
5 309
5 317
5 320
5 341
5 388
5 389
5 408
5 447
5 449
5 472
5 524
5 568
5 570
5 604
5 605
5 617
5 651
5 690
5 712
5 714
5 799
5 822
5 853
5 885
5 886
5 907
5 911
5 922
5 929
5 976
6 0
6 1
6 2
6 3
6 4
6 5
6 7
6 8
6 9
6 10
6 11
6 20
6 41
6 49
6 52
6 63
6 76
6 78
6 97
6 109
6 157
6 169
6 170
6 177
6 183
6 194
6 201
6 242
6 354
6 365
6 367
6 377
6 383
6 387
6 395
6 401
6 424
6 438
6 441
6 453
6 458
6 470
6 496
6 518
6 669
6 676
6 678
6 801
6 814
6 841
6 856
6 926
6 955
6 972
7 0
7 1
7 2
7 3
7 4
7 5
7 6
7 8
7 9
7 12
7 14
7 18
7 22
7 25
7 33
7 35
7 37
7 38
7 42
7 49
7 50
7 69
7 76
7 83
7 86
7 98
7 99
7 100
7 117
7 123
7 136
7 152
7 159
7 175
7 182
7 218
7 225
7 248
7 253
7 254
7 266
7 272
7 274
7 279
7 282
7 287
7 309
7 322
7 340
7 344
7 351
7 353
7 361
7 364
7 383
7 384
7 388
7 395
7 400
7 409
7 453
7 464
7 488
7 503
7 504
7 631
7 669
7 674
7 705
7 708
7 715
7 737
7 780
7 796
7 814
7 818
7 824
7 847
7 855
7 882
7 892
7 923
7 942
7 943
7 946
7 961
7 982
8 0
8 1
8 2
8 3
8 4
8 5
8 6
8 7
8 9
8 10
8 12
8 17
8 23
8 41
8 43
8 60
8 87
8 94
8 97
8 101
8 127
8 132
8 158
8 160
8 169
8 178
8 191
8 197
8 223
8 256
8 297
8 300
8 314
8 318
8 324
8 339
8 368
8 386
8 407
8 419
8 449
8 468
8 519
8 552
8 564
8 567
8 584
8 585
8 587
8 588
8 595
8 603
8 612
8 615
8 632
8 659
8 672
8 676
8 684
8 688
8 703
8 707
8 727
8 740
8 782
8 786
8 798
8 801
8 810
8 823
8 828
8 848
8 871
8 898
8 928
8 937
8 944
8 962
9 0
9 1
9 2
9 3
9 4
9 5
9 6
9 7
9 8
9 19
9 33
9 43
9 46
9 50
9 52
9 56
9 69
9 125
9 155
9 161
9 183
9 236
9 242
9 275
9 311
9 356
9 357
9 419
9 423
9 447
9 510
9 511
9 512
9 568
9 606
9 630
9 634
9 648
9 656
9 667
9 683
9 714
9 718
9 817
9 856
9 937
9 994
10 1
10 2
10 4
10 6
10 8
10 24
10 27
10 29
10 33
10 75
10 79
10 96
10 98
10 100
10 111
10 119
10 138
10 139
10 142
10 146
10 148
10 185
10 231
10 294
10 296
10 304
10 346
10 348
10 355
10 357
10 384
10 385
10 406
10 425
10 432
10 439
10 483
10 507
10 514
10 533
10 534
10 537
10 560
10 564
10 566
10 569
10 589
10 621
10 636
10 675
10 755
10 774
10 779
10 786
10 873
10 910
10 939
10 964
10 974
10 979
10 989
11 1
11 5
11 6
11 12
11 42
11 50
11 53
11 65
11 78
11 83
11 86
11 108
11 110
11 111
11 114
11 127
11 157
11 160
11 169
11 188
11 192
11 197
11 221
11 230
11 266
11 276
11 284
11 288
11 329
11 503
11 506
11 543
11 544
11 560
11 597
11 654
11 693
11 742
11 947
11 991
12 2
12 7
12 8
12 11
12 38
12 47
12 148
12 217
12 388
12 422
12 495
12 541
12 544
12 620
12 673
12 854
13 0
13 2
13 17
13 35
13 266
13 361
13 639
13 640
13 885
13 890
13 962
14 1
14 2
14 3
14 5
14 7
14 18
14 22
14 27
14 31
14 32
14 36
14 44
14 46
14 65
14 67
14 87
14 112
14 199
14 219
14 222
14 241
14 347
14 359
14 362
14 434
14 477
14 494
14 541
14 593
14 608
14 657
14 664
14 682
14 692
14 768
14 771
14 794
14 936
14 954
15 0
15 1
15 2
15 38
15 92
15 140
15 180
15 269
15 545
15 653
15 777
16 1
16 61
16 456
16 499
17 0
17 2
17 8
17 13
17 28
17 34
17 43
17 48
17 52
17 135
17 154
17 170
17 187
17 206
17 218
17 233
17 253
17 298
17 313
17 324
17 358
17 375
17 421
17 464
17 468
17 478
17 500
17 501
17 511
17 579
17 587
17 664
17 684
17 751
17 816
17 895
17 960
17 978
17 989
18 0
18 4
18 5
18 7
18 14
18 21
18 22
18 23
18 36
18 42
18 51
18 56
18 57
18 62
18 88
18 91
18 172
18 199
18 212
18 220
18 244
18 297
18 322
18 344
18 352
18 426
18 427
18 439
18 445
18 459
18 505
18 508
18 570
18 574
18 601
18 770
18 808
18 827
18 847
18 850
18 864
18 887
18 911
18 996
19 0
19 9
20 5
20 6
20 25
20 31
20 64
20 85
20 102
20 148
20 159
20 160
20 247
20 273
20 283
20 296
20 377
20 424
20 455
20 522
20 566
20 626
20 644
20 664
20 671
20 761
20 808
20 968
21 1
21 3
21 4
21 18
21 66
21 125
21 219
21 243
21 268
21 304
21 356
21 383
21 390
21 408
21 449
21 461
21 466
21 475
21 522
21 527
21 545
21 551
21 575
21 615
21 625
21 700
21 846
21 895
22 7
22 14
22 18
22 48
22 61
22 84
22 130
22 137
22 203
22 231
22 332
22 335
22 470
22 555
22 620
22 701
22 971
23 4
23 8
23 18
23 35
23 51
23 105
23 114
23 177
23 194
23 402
23 611
23 707
23 730
23 731
23 737
23 782
23 858
24 0
24 1
24 4
24 10
24 30
24 40
24 49
24 67
24 158
24 213
24 255
24 269
24 279
24 281
24 286
24 320
24 333
24 407
24 429
24 468
24 516
24 598
24 638
24 757
24 763
24 767
24 782
24 821
24 880
24 954
25 0
25 1
25 3
25 7
25 20
25 62
25 70
25 144
25 171
25 229
25 349
25 425
25 441
25 452
25 469
25 492
25 494
25 523
25 605
25 767
25 804
25 895
25 990
26 0
26 4
26 89
26 679
26 691
26 924
27 1
27 10
27 14
27 164
27 211
27 232
27 282
27 327
27 343
27 445
27 494
27 529
27 547
27 987
28 0
28 1
28 17
28 39
28 149
28 154
28 459
28 774
28 803
28 821
28 843
28 865
29 1
29 10
29 121
29 269
29 306
29 379
29 415
29 567
29 621
29 845
30 1
30 2
30 24
30 121
30 304
30 318
30 655
31 1
31 14
31 20
31 92
31 93
31 103
31 111
31 113
31 178
31 186
31 196
31 306
31 361
31 381
31 567
31 892
31 953
31 983
32 1
32 14
32 188
32 358
33 1
33 7
33 9
33 10
33 61
33 87
33 153
33 312
33 732
33 802
34 4
34 17
34 97
34 471
34 665
34 689
34 924
34 937
34 977
35 7
35 13
35 23
35 59
35 117
35 119
35 164
35 261
35 395
35 514
35 539
35 641
35 783
36 0
36 2
36 14
36 18
36 47
36 84
36 139
36 156
36 160
36 195
36 501
36 521
36 528
36 700
36 832
36 897
37 7
37 130
37 184
37 219
37 240
37 257
37 302
37 409
37 514
38 1
38 7
38 12
38 15
38 61
38 66
38 69
38 112
38 130
38 162
38 213
38 228
38 276
38 334
38 396
38 429
38 510
38 519
38 524
38 531
38 617
38 783
38 936
38 956
38 971
39 28
39 68
39 118
39 133
39 378
39 549
39 602
39 620
39 674
39 707
39 724
39 942
40 1
40 2
40 24
40 50
40 64
40 172
40 202
40 203
40 216
40 392
40 399
40 406
40 531
40 558
40 602
40 614
40 743
40 764
40 864
40 912
40 948
40 958
41 0
41 1
41 5
41 6
41 8
41 142
41 176
41 243
41 306
41 365
41 520
41 551
41 600
41 636
41 806
41 917
41 986
42 0
42 7
42 11
42 18
42 361
43 2
43 8
43 9
43 17
43 95
43 99
43 145
43 196
43 201
43 346
44 2
44 14
44 103
44 116
44 136
44 262
44 326
44 618
45 0
45 5
45 117
45 159
45 255
45 284
45 335
45 353
45 444
45 527
45 584
45 726
45 768
45 843
45 964
45 973
46 1
46 5
46 9
46 14
46 104
46 159
46 216
46 271
46 296
46 301
46 315
46 375
46 407
46 493
46 495
46 529
46 559
46 574
46 585
46 623
46 641
46 687
46 853
46 956
46 977
47 0
47 1
47 3
47 12
47 36
47 53
47 67
47 70
47 90
47 112
47 134
47 146
47 166
47 180
47 235
47 258
47 262
47 302
47 323
47 334
47 340
47 351
47 368
47 376
47 382
47 408
47 600
47 691
47 700
47 712
47 722
47 735
47 751
47 806
47 826
47 854
47 860
47 876
47 908
47 948
47 949
47 995
48 0
48 4
48 17
48 22
48 77
48 88
48 143
48 167
48 217
48 230
48 241
48 330
48 582
48 831
48 851
48 886
48 981
49 4
49 6
49 7
49 24
49 91
49 97
49 101
49 102
49 106
49 157
49 197
49 214
49 222
49 311
49 435
49 535
49 655
50 7
50 9
50 11
50 40
50 69
50 203
50 298
50 299
50 710
50 727
51 18
51 23
51 143
51 182
51 529
52 5
52 6
52 9
52 17
52 58
52 64
52 148
52 165
52 212
52 325
52 363
52 631
52 663
52 720
52 879
53 11
53 47
53 55
53 107
53 307
53 372
53 389
53 411
53 416
53 452
53 753
53 776
53 918
54 4
54 589
54 838
55 4
55 53
55 112
55 739
56 9
56 18
56 81
56 142
56 166
56 716
57 2
57 18
57 154
57 200
57 228
57 275
57 289
57 479
57 568
57 859
58 52
58 593
59 35
59 919
60 8
60 104
60 620
60 627
60 823
60 879
60 945
61 0
61 4
61 16
61 22
61 33
61 38
61 69
61 91
61 92
61 108
61 125
61 155
61 196
61 212
61 216
61 253
61 280
61 287
61 314
61 387
61 392
61 401
61 406
61 460
61 492
61 493
61 519
61 563
61 597
61 607
61 625
61 736
61 787
61 798
61 996
62 2
62 18
62 25
62 95
62 198
62 472
62 599
62 708
63 1
63 6
63 120
63 231
63 476
64 0
64 20
64 40
64 52
64 94
64 121
64 125
64 142
64 149
64 152
64 228
64 235
64 240
64 245
64 296
64 440
64 478
64 544
64 633
64 636
64 664
64 725
64 738
64 790
64 863
64 874
64 881
64 984
64 997
65 5
65 11
65 14
65 156
65 190
65 276
65 305
65 367
65 398
65 405
65 442
65 594
65 704
65 742
66 21
66 38
66 611
66 759
66 974
67 1
67 4
67 14
67 24
67 47
67 286
67 888
67 934
68 0
68 39
68 860
69 0
69 1
69 7
69 9
69 38
69 50
69 61
69 95
69 126
69 143
69 155
69 193
69 206
69 251
69 259
69 288
69 530
69 550
69 623
69 629
69 790
69 902
69 914
70 25
70 47
70 237
70 265
70 464
71 4
71 92
71 104
71 107
71 298
71 713
71 781
71 935
73 1
73 268
75 2
75 3
75 10
75 96
75 235
75 389
75 395
75 885
76 6
76 7
76 433
76 442
76 495
76 866
76 901
76 904
77 0
77 1
77 2
77 48
77 102
77 127
77 165
77 337
77 404
77 422
77 512
77 517
77 780
77 810
77 851
77 983
78 6
78 11
78 125
78 136
79 5
79 10
79 113
79 132
79 792
79 857
81 56
81 449
82 5
83 0
83 3
83 4
83 7
83 11
83 170
83 173
83 189
83 230
83 249
83 299
83 313
83 339
83 341
83 353
83 439
83 521
83 587
83 643
83 740
83 839
83 906
84 22
84 36
84 177
84 814
85 2
85 20
85 92
85 122
85 136
85 159
85 166
85 186
85 225
85 303
85 355
85 442
85 719
85 822
86 0
86 2
86 7
86 11
86 93
86 100
86 379
86 430
86 470
86 528
86 655
86 714
86 732
86 982
87 5
87 8
87 14
87 33
87 110
87 184
87 246
87 264
87 290
87 561
88 0
88 18
88 48
88 202
88 255
88 346
88 536
88 538
88 574
88 659
88 721
89 1
89 26
89 116
90 1
90 47
90 122
90 196
90 348
90 362
90 395
90 728
90 769
91 4
91 18
91 49
91 61
91 102
91 352
91 570
91 837
91 898
92 15
92 31
92 61
92 71
92 85
92 227
92 343
92 581
92 608
92 653
92 663
92 668
92 687
92 814
92 890
93 31
93 86
93 277
93 642
94 4
94 8
94 64
94 660
95 1
95 43
95 62
95 69
95 725
96 10
96 75
96 882
97 0
97 2
97 6
97 8
97 34
97 49
97 98
97 105
97 109
97 124
97 151
97 153
97 172
97 178
97 191
97 234
97 248
97 290
97 316
97 406
97 481
97 573
97 700
97 845
97 893
98 0
98 4
98 7
98 10
98 97
98 121
98 208
98 210
98 241
98 247
98 249
98 251
98 252
98 277
98 307
98 336
98 390
98 420
98 450
98 503
98 532
98 670
98 729
99 3
99 7
99 43
99 143
99 173
99 312
99 839
99 970
100 7
100 10
100 86
100 425
100 715
101 1
101 4
101 5
101 8
101 49
101 179
101 217
101 227
101 315
101 385
101 434
101 981
102 3
102 20
102 49
102 77
102 91
102 105
102 146
102 228
102 243
102 262
102 279
102 482
102 485
102 488
102 544
102 614
102 618
102 662
102 668
103 0
103 1
103 31
103 44
103 137
103 445
103 453
103 570
103 630
103 651
103 683
103 691
103 968
104 46
104 60
104 71
104 257
104 344
104 485
104 500
104 961
104 967
105 23
105 97
105 102
105 113
105 128
105 149
105 285
105 305
105 331
105 543
105 745
105 750
105 802
105 805
105 881
105 943
106 0
106 49
106 131
106 157
106 168
106 676
106 893
107 1
107 4
107 53
107 71
107 217
107 355
107 602
108 1
108 11
108 61
108 160
108 244
109 6
109 97
109 551
110 0
110 11
110 87
110 248
110 345
111 10
111 11
111 31
111 562
111 576
111 641
111 874
111 949
112 4
112 14
112 38
112 47
112 55
112 118
112 152
112 175
112 215
112 258
112 351
112 431
112 440
112 484
112 530
112 536
112 609
112 731
112 957
112 988
113 1
113 31
113 79
113 105
113 365
113 519
113 719
113 905
114 2
114 11
114 23
114 133
114 317
114 339
115 1
115 464
115 490
116 0
116 1
116 44
116 89
116 401
117 0
117 7
117 35
117 45
118 5
118 39
118 112
119 10
119 35
119 134
119 529
120 3
120 63
120 186
120 237
120 238
120 252
120 257
120 413
120 448
120 466
120 484
120 506
120 531
120 537
120 572
120 815
120 852
120 886
120 900
121 2
121 29
121 30
121 64
121 98
121 166
121 168
121 198
121 208
121 220
121 318
121 498
121 582
121 609
121 646
121 761
122 85
122 90
122 352
122 473
123 7
124 97
125 1
125 9
125 21
125 61
125 64
125 78
125 137
125 144
125 174
125 199
125 200
125 203
125 284
125 338
125 363
125 386
125 518
125 521
125 686
125 710
125 742
125 780
125 878
126 69
126 433
126 829
127 8
127 11
127 77
127 399
128 1
128 105
128 176
128 632
128 840
128 898
129 5
130 22
130 37
130 38
130 174
130 208
130 707
130 860
130 997
131 2
131 106
131 552
131 916
131 970
132 2
132 8
132 79
132 527
132 702
132 942
133 1
133 5
133 39
133 114
133 326
133 422
133 504
133 542
133 605
133 636
133 944
134 5
134 47
134 119
134 149
134 156
134 279
134 559
134 573
134 739
134 947
135 1
135 17
136 7
136 44
136 78
136 85
136 164
136 323
136 580
136 680
136 834
137 0
137 22
137 103
137 125
137 423
137 559
137 857
138 0
138 1
138 10
138 205
138 214
138 228
138 255
138 312
138 389
138 430
138 490
138 977
139 10
139 36
139 615
140 15
140 684
141 5
142 10
142 41
142 56
142 64
142 144
142 636
142 673
142 704
142 766
143 1
143 48
143 51
143 69
143 99
143 150
143 341
143 496
143 503
143 542
144 25
144 125
144 142
144 225
144 331
144 518
145 43
146 4
146 10
146 47
146 102
146 262
147 3
148 10
148 12
148 20
148 52
148 418
148 440
148 731
148 810
149 2
149 28
149 64
149 105
149 134
149 150
149 261
149 268
149 411
149 490
149 502
149 572
149 680
149 773
149 784
149 812
150 143
150 149
150 280
150 400
151 97
152 7
152 64
152 112
152 157
152 355
152 874
152 949
153 33
153 97
153 534
153 723
154 3
154 17
154 28
154 57
154 199
154 575
154 626
154 867
154 869
154 976
155 2
155 9
155 61
155 69
155 249
155 319
155 471
155 853
155 884
156 36
156 65
156 134
157 6
157 11
157 49
157 106
157 152
157 694
158 3
158 8
158 24
158 179
158 276
158 305
158 402
159 7
159 20
159 45
159 46
159 85
159 227
159 604
159 667
159 880
160 8
160 11
160 20
160 36
160 108
160 280
160 345
160 418
160 969
161 5
161 9
161 188
161 274
161 683
162 4
162 38
162 294
162 935
163 0
164 2
164 5
164 27
164 35
164 136
164 205
164 269
164 299
164 319
164 529
164 578
164 693
165 2
165 4
165 5
165 52
165 77
165 413
165 635
165 668
165 760
165 767
166 1
166 47
166 56
166 85
166 121
166 290
166 328
166 360
166 378
166 379
166 380
166 411
166 631
166 963
167 3
167 48
168 106
168 121
168 256
168 728
169 6
169 8
169 11
169 314
169 322
169 543
169 716
169 722
170 6
170 17
170 83
171 0
171 2
171 25
171 717
172 0
172 18
172 40
172 97
172 191
172 330
172 336
172 366
172 556
172 570
172 697
173 83
173 99
173 327
173 583
173 592
174 3
174 125
174 130
174 232
174 433
174 643
175 5
175 7
175 112
175 200
175 395
175 412
175 496
175 510
175 621
175 786
175 809
175 840
175 846
175 941
176 41
176 128
176 980
177 0
177 6
177 23
177 84
177 179
177 334
178 8
178 31
178 97
178 184
178 210
178 211
178 240
178 394
178 539
178 691
178 936
179 101
179 158
179 177
179 257
179 310
179 338
179 356
180 2
180 3
180 15
180 47
180 565
180 875
181 5
181 288
181 532
182 7
182 51
182 211
182 240
182 351
182 708
183 5
183 6
183 9
183 353
183 836
184 37
184 87
184 178
185 2
185 5
185 10
185 359
186 3
186 31
186 85
186 120
186 227
187 17
187 270
187 291
187 310
187 522
187 736
188 5
188 11
188 32
188 161
188 538
188 561
188 909
189 1
189 4
189 83
189 293
189 419
189 479
189 489
189 535
189 548
189 586
189 645
189 647
189 654
189 771
190 65
190 894
191 0
191 5
191 8
191 97
191 172
191 194
191 244
191 442
191 629
191 709
191 815
191 915
192 0
192 3
192 4
192 11
192 244
192 650
193 0
193 69
193 495
193 743
193 956
194 0
194 6
194 23
194 191
194 216
194 232
194 368
194 413
194 638
194 676
194 799
194 833
195 1
195 3
195 5
195 36
195 352
195 553
195 603
195 848
196 31
196 43
196 61
196 90
196 235
196 418
196 809
196 971
197 8
197 11
197 49
197 242
197 427
198 62
198 121
198 259
198 590
198 635
198 705
199 14
199 18
199 125
199 154
199 431
199 546
199 883
199 988
200 57
200 125
200 175
200 509
201 0
201 6
201 43
202 1
202 40
202 88
202 396
202 501
203 22
203 40
203 50
203 125
203 214
203 247
203 250
203 339
203 401
203 574
203 616
203 639
203 646
203 698
203 855
203 879
203 912
203 948
204 2
205 138
205 164
205 432
205 606
206 17
206 69
206 250
206 495
206 625
207 1
208 98
208 121
208 130
209 4
210 98
210 178
211 27
211 178
211 182
211 964
212 18
212 52
212 61
212 270
212 671
213 0
213 1
213 24
213 38
214 49
214 138
214 203
214 353
214 385
214 902
215 112
215 349
215 488
215 759
216 40
216 46
216 61
216 194
216 339
216 530
216 611
216 690
216 696
217 2
217 12
217 48
217 101
217 107
217 512
217 845
217 890
218 2
218 7
218 17
218 323
218 387
219 14
219 21
219 37
219 272
219 417
219 858
220 18
220 121
220 277
220 791
220 851
220 965
221 5
221 11
221 246
221 407
221 557
221 621
221 703
222 0
222 2
222 14
222 49
222 297
222 392
223 2
223 8
223 451
224 2
225 7
225 85
225 144
225 522
225 634
225 932
226 5
226 880
227 0
227 92
227 101
227 159
227 186
227 292
227 562
227 727
228 38
228 57
228 64
228 102
228 138
228 290
228 399
228 809
228 837
228 998
229 0
229 25
230 2
230 11
230 48
230 83
230 454
230 623
230 757
231 3
231 10
231 22
231 63
231 271
231 643
231 905
232 2
232 27
232 174
232 194
232 762
233 0
233 17
233 367
233 561
233 862
234 0
234 97
234 808
235 47
235 64
235 75
235 196
235 383
235 587
235 947
236 4
236 9
236 258
237 70
237 120
238 120
240 37
240 64
240 178
240 182
240 274
240 828
240 936
241 0
241 14
241 48
241 98
241 752
242 6
242 9
242 197
243 0
243 4
243 21
243 41
243 102
243 393
243 774
243 794
243 910
244 4
244 18
244 108
244 191
244 192
244 592
245 3
245 5
245 64
245 262
245 428
245 561
245 765
246 87
246 221
246 319
246 477
247 20
247 98
247 203
247 259
247 584
248 7
248 97
248 110
248 265
248 437
248 515
248 795
249 1
249 83
249 98
249 155
249 344
249 436
249 477
249 675
249 961
249 996
250 4
250 203
250 206
250 625
250 657
250 883
251 5
251 69
251 98
251 309
251 584
252 98
252 120
252 771
253 7
253 17
253 61
253 902
254 0
254 3
254 7
254 385
254 457
254 517
255 4
255 24
255 45
255 88
255 138
255 308
255 425
255 623
255 669
255 786
255 881
256 5
256 8
256 168
256 361
256 582
257 1
257 5
257 37
257 104
257 120
257 179
257 286
257 340
257 494
257 663
257 675
257 701
257 884
257 972
257 977
258 1
258 47
258 112
258 236
258 382
258 436
258 625
259 69
259 198
259 247
259 428
259 901
260 0
260 503
261 35
261 149
262 44
262 47
262 102
262 146
262 245
264 0
264 2
264 87
265 0
265 70
265 248
265 271
265 506
265 776
266 7
266 11
266 13
266 310
266 520
266 521
266 616
266 909
267 3
267 715
268 5
268 21
268 73
268 149
268 679
269 15
269 24
269 29
269 164
269 364
269 712
269 906
269 998
270 187
270 212
271 1
271 46
271 231
271 265
272 7
272 219
273 20
274 7
274 161
274 240
274 653
274 668
274 819
275 4
275 9
275 57
276 11
276 38
276 65
276 158
276 285
276 297
276 547
276 669
277 93
277 98
277 220
277 346
277 475
279 7
279 24
279 102
279 134
279 542
279 663
279 907
280 61
280 150
280 160
280 621
281 2
281 24
282 3
282 4
282 7
282 27
282 295
282 303
282 585
282 717
283 1
283 20
283 681
283 752
283 770
283 777
283 944
284 3
284 11
284 45
284 125
284 436
284 525
284 867
285 105
285 276
286 24
286 67
286 257
286 314
286 437
286 722
286 817
286 847
286 940
287 5
287 7
287 61
288 4
288 11
288 69
288 181
288 365
288 999
289 1
289 57
289 345
289 952
290 87
290 97
290 166
290 228
290 315
290 375
290 408
290 469
290 522
290 550
290 567
290 641
290 746
290 861
290 887
291 1
291 187
292 4
292 227
292 341
292 557
293 4
293 189
293 741
294 10
294 162
295 1
295 282
296 10
296 20
296 46
296 64
297 2
297 8
297 18
297 222
297 276
297 474
297 475
297 514
297 523
297 772
297 927
298 17
298 50
298 71
298 406
298 854
299 50
299 83
299 164
299 672
299 730
300 8
300 481
301 46
302 37
302 47
302 538
303 85
303 282
304 10
304 21
304 30
305 65
305 105
305 158
305 368
306 1
306 29
306 31
306 41
307 3
307 53
307 98
307 595
307 630
308 255
309 5
309 7
309 251
310 179
310 187
310 266
310 587
311 9
311 49
311 545
312 2
312 33
312 99
312 138
312 805
312 894
312 914
312 973
313 17
313 83
313 501
313 545
313 599
314 4
314 8
314 61
314 169
314 286
315 46
315 101
315 290
315 626
316 97
316 693
317 0
317 5
317 114
317 686
317 825
318 8
318 30
318 121
318 559
319 155
319 164
319 246
319 427
320 1
320 5
320 24
320 851
321 2
321 3
321 450
321 572
321 618
321 668
321 674
321 823
321 905
321 970
321 999
322 7
322 18
322 169
322 479
323 47
323 136
323 218
323 416
324 8
324 17
324 541
324 766
325 2
325 52
325 714
326 44
326 133
326 537
326 685
327 27
327 173
327 671
327 991
328 166
328 413
329 11
330 48
330 172
331 105
331 144
331 491
331 689
331 753
331 857
331 886
332 22
333 1
333 4
333 24
333 502
334 2
334 4
334 38
334 47
334 177
334 493
334 568
334 613
334 622
334 670
334 688
334 809
335 1
335 2
335 22
335 45
335 343
335 489
335 566
335 634
336 0
336 98
336 172
336 590
336 618
336 645
337 77
338 3
338 125
338 179
338 360
338 605
338 681
339 0
339 8
339 83
339 114
339 203
339 216
339 637
339 828
339 856
340 0
340 7
340 47
340 257
341 5
341 83
341 143
341 292
341 462
341 519
343 27
343 92
343 335
343 630
343 697
343 996
344 7
344 18
344 104
344 249
344 349
344 403
344 408
344 414
344 497
345 1
345 110
345 160
345 289
345 420
345 569
345 749
345 800
346 3
346 10
346 43
346 88
346 277
346 407
347 1
347 14
348 10
348 90
348 628
348 802
349 0
349 2
349 25
349 215
349 344
349 549
349 775
349 953
351 7
351 47
351 112
351 182
351 655
352 18
352 91
352 122
352 195
353 1
353 7
353 45
353 83
353 183
353 214
353 962
354 4
354 6
355 10
355 85
355 107
355 152
355 806
356 9
356 21
356 179
356 406
356 691
356 900
357 9
357 10
357 387
358 0
358 17
358 32
358 648
359 14
359 185
359 750
360 0
360 166
360 338
360 739
360 772
360 966
361 7
361 13
361 31
361 42
361 256
361 431
361 565
361 603
361 623
361 628
361 755
361 763
361 869
362 3
362 14
362 90
362 410
362 480
362 822
363 52
363 125
363 511
363 575
363 676
364 7
364 269
364 402
364 419
364 771
365 6
365 41
365 113
365 288
366 172
367 6
367 65
367 233
367 439
368 2
368 3
368 8
368 47
368 194
368 305
368 748
369 0
369 4
371 3
372 53
373 3
374 1
374 807
375 17
375 46
375 290
375 381
375 890
376 47
376 747
377 6
377 20
377 670
377 746
378 39
378 166
378 451
378 659
378 901
379 0
379 29
379 86
379 166
379 657
379 684
380 0
380 1
380 166
380 675
380 789
380 908
380 932
381 31
381 375
381 473
381 477
381 725
382 0
382 2
382 47
382 258
382 450
382 722
382 835
383 6
383 7
383 21
383 235
383 470
383 504
383 559
383 589
383 929
383 996
384 7
384 10
385 10
385 101
385 214
385 254
385 498
385 700
385 747
385 787
385 854
386 8
386 125
387 2
387 6
387 61
387 218
387 357
387 518
387 735
388 5
388 7
388 12
388 625
388 728
388 862
388 913
389 5
389 53
389 75
389 138
389 621
389 774
390 21
390 98
390 909
391 1
392 2
392 40
392 61
392 222
393 243
393 988
394 0
394 178
394 726
395 6
395 7
395 35
395 75
395 90
395 175
396 38
396 202
397 1
397 618
397 810
397 894
398 65
398 624
398 675
398 780
398 898
399 0
399 40
399 127
399 228
400 7
400 150
400 831
400 889
401 6
401 61
401 116
401 203
401 405
401 629
402 23
402 158
402 364
402 807
403 344
404 1
404 3
404 77
404 460
404 605
405 4
405 65
405 401
405 718
405 746
406 10
406 40
406 61
406 97
406 298
406 356
406 520
406 527
406 682
406 801
406 813
407 8
407 24
407 46
407 221
407 346
407 551
407 775
408 3
408 5
408 21
408 47
408 290
408 344
408 428
408 482
408 905
408 924
409 4
409 7
409 37
409 664
409 682
409 805
409 831
409 939
410 2
410 362
410 768
410 897
411 0
411 53
411 149
411 166
411 653
412 175
413 120
413 165
413 194
413 328
413 533
413 827
414 344
415 29
416 4
416 53
416 323
417 2
417 219
417 439
417 450
417 694
418 148
418 160
418 196
419 4
419 8
419 9
419 189
419 364
419 831
420 98
420 345
420 457
421 1
421 17
421 757
422 12
422 77
422 133
423 4
423 9
423 137
423 478
423 527
423 717
423 755
424 6
424 20
425 10
425 25
425 100
425 255
425 498
425 505
425 506
425 842
426 18
427 18
427 197
427 319
428 245
428 259
428 408
428 522
429 24
429 38
430 86
430 138
431 112
431 199
431 361
431 552
431 602
432 10
432 205
433 76
433 126
433 174
434 14
434 101
435 49
436 3
436 249
436 258
436 284
436 880
436 919
437 3
437 248
437 286
438 6
439 10
439 18
439 83
439 367
439 417
439 776
440 64
440 112
440 148
440 595
441 1
441 6
441 25
441 484
441 962
441 994
442 4
442 65
442 76
442 85
442 191
442 488
442 866
443 4
444 45
445 18
445 27
445 103
445 539
446 1
446 949
447 5
447 9
448 120
449 5
449 8
449 21
449 81
449 503
449 619
449 698
450 2
450 98
450 321
450 382
450 417
450 467
450 629
450 754
450 789
450 871
451 0
451 223
451 378
452 25
452 53
453 1
453 2
453 6
453 7
453 103
453 791
453 967
454 230
455 20
455 585
455 934
456 16
457 254
457 420
457 506
457 893
458 3
458 6
459 18
459 28
460 1
460 61
460 404
460 772
461 3
461 21
462 341
463 2
464 1
464 7
464 17
464 70
464 115
464 508
464 615
464 721
464 854
465 3
466 0
466 21
466 120
466 509
467 450
468 8
468 17
468 24
469 25
469 290
469 788
469 793
469 899
470 1
470 3
470 6
470 22
470 86
470 383
470 662
471 34
471 155
471 487
471 912
472 5
472 62
473 122
473 381
473 851
474 297
475 21
475 277
475 297
475 732
476 4
476 63
476 668
476 876
477 14
477 246
477 249
477 381
477 778
478 17
478 64
478 423
479 0
479 57
479 189
479 322
480 4
480 362
480 667
480 963
481 1
481 97
481 300
481 536
481 693
481 794
481 958
482 102
482 408
482 497
483 10
484 112
484 120
484 441
484 547
484 907
485 4
485 102
485 104
487 471
487 914
488 7
488 102
488 215
488 442
488 516
488 873
489 189
489 335
489 563
490 115
490 138
490 149
491 331
491 922
492 25
492 61
493 46
493 61
493 334
493 505
494 0
494 14
494 25
494 27
494 257
494 578
495 1
495 12
495 46
495 76
495 193
495 206
495 528
495 550
495 575
495 838
495 843
495 893
495 971
496 3
496 6
496 143
496 175
496 643
497 344
497 482
498 121
498 385
498 425
499 2
499 4
499 16
499 657
499 797
500 4
500 17
500 104
500 617
501 17
501 36
501 202
501 313
501 698
502 2
502 149
502 333
503 7
503 11
503 98
503 143
503 260
503 449
503 641
503 664
503 702
503 811
503 818
503 878
503 918
504 7
504 133
504 383
504 677
504 932
505 18
505 425
505 493
505 534
505 719
505 933
506 11
506 120
506 265
506 425
506 457
506 708
506 949
507 10
508 18
508 464
509 1
509 200
509 466
509 583
509 629
509 670
510 9
510 38
510 175
511 9
511 17
511 363
511 773
512 9
512 77
512 217
512 681
512 951
513 1
514 10
514 35
514 37
514 297
514 515
514 562
514 659
514 750
515 1
515 248
515 514
515 587
516 24
516 488
516 785
516 991
517 4
517 77
517 254
518 3
518 6
518 125
518 144
518 387
518 582
518 609
518 923
518 964
519 8
519 38
519 61
519 113
519 341
519 754
520 4
520 41
520 266
520 406
520 613
520 654
520 695
520 775
520 932
521 36
521 83
521 125
521 266
521 650
521 713
522 20
522 21
522 187
522 225
522 290
522 428
522 769
522 839
523 25
523 297
523 586
523 768
524 5
524 38
525 284
526 1
527 1
527 21
527 45
527 132
527 406
527 423
527 930
528 36
528 86
528 495
529 2
529 27
529 46
529 51
529 119
529 164
529 763
529 872
530 69
530 112
530 216
531 38
531 40
531 120
532 98
532 181
532 622
532 657
533 3
533 10
533 413
533 758
533 867
533 992
534 3
534 10
534 153
534 505
534 569
534 982
535 49
535 189
536 88
536 112
536 481
536 760
536 970
537 10
537 120
537 326
538 4
538 88
538 188
538 302
539 2
539 35
539 178
539 445
539 600
539 625
539 955
540 1
541 12
541 14
541 324
542 133
542 143
542 279
542 997
543 11
543 105
543 169
543 995
544 11
544 12
544 64
544 102
544 915
545 15
545 21
545 311
545 313
546 199
547 27
547 276
547 484
547 681
548 0
548 189
548 647
549 39
549 349
550 0
550 69
550 290
550 495
550 781
551 21
551 41
551 109
551 407
551 895
552 8
552 131
552 431
553 3
553 4
553 195
553 893
553 943
555 1
555 22
556 172
556 957
557 221
557 292
558 40
558 631
559 46
559 134
559 137
559 318
559 383
559 640
559 738
559 799
559 872
560 2
560 10
560 11
561 87
561 188
561 233
561 245
561 739
561 928
561 954
562 111
562 227
562 514
562 795
563 61
563 489
564 8
564 10
564 577
565 180
565 361
566 10
566 20
566 335
567 8
567 29
567 31
567 290
568 5
568 9
568 57
568 334
568 697
569 10
569 345
569 534
569 663
570 5
570 18
570 91
570 103
570 172
572 120
572 149
572 321
573 97
573 134
574 18
574 46
574 88
574 203
574 765
574 866
575 21
575 154
575 363
575 495
575 829
575 865
576 111
577 564
578 164
578 494
578 727
579 17
579 817
580 136
581 3
581 92
581 847
581 925
582 0
582 48
582 121
582 256
582 518
583 173
583 509
584 8
584 45
584 247
584 251
585 0
585 8
585 46
585 282
585 455
585 646
585 969
586 189
586 523
586 638
586 965
587 8
587 17
587 83
587 235
587 310
587 515
588 1
588 8
589 10
589 54
589 383
590 198
590 336
591 2
592 173
592 244
592 696
593 14
593 58
593 660
593 836
594 65
595 8
595 307
595 440
596 0
596 2
596 997
597 4
597 11
597 61
597 616
598 24
599 62
599 313
600 41
600 47
600 539
600 640
600 829
600 861
601 2
601 4
601 18
601 665
601 735
602 39
602 40
602 107
602 431
603 4
603 8
603 195
603 361
604 2
604 5
604 159
605 2
605 5
605 25
605 133
605 338
605 404
606 9
606 205
607 61
608 14
608 92
609 3
609 4
609 112
609 121
609 518
609 838
609 999
611 4
611 23
611 66
611 216
612 8
612 850
613 334
613 520
614 40
614 102
615 1
615 8
615 21
615 139
615 464
615 791
615 824
616 203
616 266
616 597
617 5
617 38
617 500
618 44
618 102
618 321
618 336
618 397
619 449
620 12
620 22
620 39
620 60
621 10
621 29
621 175
621 221
621 280
621 389
621 705
621 951
622 2
622 334
622 532
622 834
623 46
623 69
623 230
623 255
623 361
624 4
624 398
625 21
625 61
625 206
625 250
625 258
625 388
625 539
625 637
625 935
625 992
626 20
626 154
626 315
627 3
627 60
628 348
628 361
628 749
629 1
629 69
629 191
629 401
629 450
629 509
629 904
630 9
630 103
630 307
630 343
630 965
631 4
631 7
631 52
631 166
631 558
631 750
631 901
632 8
632 128
633 64
634 2
634 9
634 225
634 335
634 705
634 786
634 914
635 1
635 165
635 198
636 10
636 41
636 64
636 133
636 142
636 917
637 4
637 339
637 625
638 24
638 194
638 586
638 786
638 824
638 980
639 3
639 13
639 203
640 13
640 559
640 600
640 987
640 996
641 35
641 46
641 111
641 290
641 503
641 655
642 93
643 83
643 174
643 231
643 496
643 673
643 796
644 20
645 189
645 336
645 735
646 121
646 203
646 585
646 654
647 189
647 548
648 9
648 358
650 0
650 192
650 521
651 5
651 103
652 0
653 15
653 92
653 274
653 411
653 763
653 844
653 939
654 11
654 189
654 520
654 646
654 768
655 1
655 30
655 49
655 86
655 351
655 641
656 9
657 14
657 250
657 379
657 499
657 532
659 8
659 88
659 378
659 514
659 921
660 4
660 94
660 593
662 102
662 470
663 52
663 92
663 257
663 279
663 569
664 14
664 17
664 20
664 64
664 409
664 503
664 947
665 34
665 601
667 9
667 159
667 480
667 821
668 92
668 102
668 165
668 274
668 321
668 476
668 915
669 6
669 7
669 255
669 276
670 98
670 334
670 377
670 509
671 20
671 212
671 327
672 1
672 8
672 299
673 12
673 142
673 643
674 7
674 39
674 321
675 10
675 249
675 257
675 380
675 398
675 846
675 863
675 880
675 888
675 944
676 4
676 6
676 8
676 106
676 194
676 363
677 3
677 4
677 504
678 6
679 3
679 26
679 268
680 3
680 136
680 149
681 283
681 338
681 512
681 547
681 790
681 886
682 4
682 14
682 406
682 409
683 9
683 103
683 161
684 8
684 17
684 140
684 379
684 781
684 945
685 326
686 3
686 125
686 317
687 0
687 4
687 46
687 92
687 958
688 8
688 334
689 34
689 331
690 5
690 216
691 26
691 47
691 103
691 178
691 356
691 909
692 14
692 766
693 11
693 164
693 316
693 481
694 157
694 417
695 520
696 216
696 592
696 814
697 172
697 343
697 568
697 965
698 203
698 449
698 501
698 844
700 21
700 36
700 47
700 97
700 385
701 22
701 257
701 748
702 132
702 503
703 8
703 221
704 65
704 142
705 7
705 198
705 621
705 634
707 0
707 8
707 23
707 39
707 130
708 0
708 7
708 62
708 182
708 506
709 191
710 3
710 50
710 125
711 0
712 5
712 47
712 269
713 71
713 521
714 4
714 5
714 9
714 86
714 325
715 7
715 100
715 267
716 56
716 169
717 0
717 171
717 282
717 423
718 2
718 9
718 405
719 85
719 113
719 505
720 52
721 88
721 464
721 981
722 1
722 47
722 169
722 286
722 382
723 153
723 778
724 39
724 906
725 64
725 95
725 381
726 45
726 394
726 940
727 4
727 8
727 50
727 227
727 578
728 90
728 168
728 388
729 0
729 98
729 833
730 0
730 23
730 299
731 3
731 23
731 112
731 148
732 0
732 33
732 86
732 475
732 848
735 47
735 387
735 601
735 645
736 61
736 187
737 0
737 7
737 23
738 64
738 559
739 55
739 134
739 360
739 561
740 8
740 83
740 801
741 0
741 293
742 11
742 65
742 125
743 40
743 193
744 1
744 833
745 105
746 290
746 377
746 405
747 1
747 376
747 385
747 974
748 3
748 368
748 701
749 345
749 628
750 105
750 359
750 514
750 631
751 17
751 47
752 241
752 283
753 53
753 331
754 450
754 519
755 10
755 361
755 423
755 864
756 0
757 24
757 230
757 421
758 533
759 66
759 215
760 165
760 536
761 20
761 121
761 923
762 0
762 232
763 24
763 361
763 529
763 653
764 1
764 40
765 245
765 574
766 142
766 324
766 692
767 4
767 24
767 25
767 165
767 844
768 2
768 14
768 45
768 410
768 523
768 654
769 90
769 522
770 18
770 283
771 14
771 189
771 252
771 364
771 868
771 933
772 297
772 360
772 460
772 941
773 149
773 511
774 10
774 28
774 243
774 389
774 936
775 4
775 349
775 407
775 520
776 53
776 265
776 439
777 15
777 283
777 806
777 989
778 477
778 723
779 10
780 7
780 77
780 125
780 398
780 804
780 866
780 921
781 71
781 550
781 684
782 8
782 23
782 24
782 795
782 872
783 35
783 38
783 952
784 1
784 149
785 1
785 516
786 8
786 10
786 175
786 255
786 634
786 638
786 881
787 1
787 61
787 385
788 469
788 861
789 380
789 450
790 64
790 69
790 681
791 220
791 453
791 615
792 79
793 469
794 14
794 243
794 481
795 248
795 562
795 782
796 7
796 643
796 871
797 499
798 1
798 8
798 61
798 832
799 1
799 4
799 5
799 194
799 559
800 345
801 4
801 6
801 8
801 406
801 740
802 33
802 105
802 348
803 28
804 25
804 780
805 105
805 312
805 409
806 4
806 41
806 47
806 355
806 777
806 967
806 988
807 374
807 402
807 870
807 878
808 0
808 18
808 20
808 234
809 175
809 196
809 228
809 334
810 8
810 77
810 148
810 397
811 2
811 503
812 4
812 149
813 0
813 406
814 6
814 7
814 84
814 92
814 696
815 4
815 120
815 191
816 4
816 17
817 9
817 286
817 579
817 863
817 951
818 7
818 503
819 274
821 24
821 28
821 667
822 3
822 5
822 85
822 362
823 8
823 60
823 321
824 7
824 615
824 638
825 0
825 3
825 317
826 47
827 18
827 413
828 3
828 8
828 240
828 339
829 126
829 575
829 600
830 3
831 4
831 48
831 400
831 409
831 419
831 864
832 4
832 36
832 798
833 194
833 729
833 744
834 136
834 622
835 382
836 0
836 4
836 183
836 593
837 91
837 228
838 4
838 54
838 495
838 609
839 83
839 99
839 522
839 999
840 128
840 175
841 6
842 425
843 0
843 28
843 45
843 495
844 653
844 698
844 767
845 29
845 97
845 217
846 21
846 175
846 675
847 7
847 18
847 286
847 581
848 8
848 195
848 732
848 946
850 18
850 612
851 0
851 48
851 77
851 220
851 320
851 473
852 0
852 120
853 1
853 3
853 5
853 46
853 155
854 12
854 47
854 298
854 385
854 464
855 4
855 7
855 203
856 1
856 6
856 9
856 339
857 79
857 137
857 331
857 929
857 931
858 23
858 219
858 985
859 57
860 47
860 68
860 130
860 899
861 290
861 600
861 788
862 233
862 388
863 64
863 675
863 817
864 18
864 40
864 755
864 831
864 890
864 961
865 1
865 28
865 575
866 0
866 76
866 442
866 574
866 780
867 154
867 284
867 533
868 4
868 771
869 154
869 361
870 0
870 807
871 8
871 450
871 796
871 919
872 529
872 559
872 782
873 4
873 10
873 488
874 1
874 3
874 64
874 111
874 152
875 4
875 180
876 47
876 476
878 125
878 503
878 807
879 0
879 52
879 60
879 203
879 902
880 24
880 159
880 226
880 436
880 675
880 950
881 64
881 105
881 255
881 786
882 1
882 7
882 96
883 199
883 250
884 3
884 155
884 257
885 1
885 5
885 13
885 75
886 5
886 48
886 120
886 331
886 681
887 3
887 18
887 290
888 1
888 67
888 675
889 400
890 13
890 92
890 217
890 375
890 864
892 7
892 31
893 97
893 106
893 457
893 495
893 553
894 190
894 312
894 397
895 4
895 17
895 21
895 25
895 551
897 36
897 410
898 8
898 91
898 128
898 398
899 2
899 469
899 860
900 120
900 356
901 76
901 259
901 378
901 631
902 69
902 214
902 253
902 879
902 906
904 2
904 3
904 76
904 629
905 113
905 231
905 321
905 408
906 83
906 269
906 724
906 902
907 5
907 279
907 484
907 935
908 47
908 380
909 3
909 188
909 266
909 390
909 691
910 10
910 243
911 1
911 5
911 18
912 40
912 203
912 471
913 388
914 69
914 312
914 487
914 634
915 191
915 544
915 668
916 131
917 41
917 636
918 53
918 503
919 59
919 436
919 871
921 659
921 780
922 0
922 5
922 491
923 7
923 518
923 761
924 1
924 26
924 34
924 408
924 983
925 581
926 1
926 3
926 6
927 297
928 4
928 8
928 561
929 5
929 383
929 857
930 2
930 527
931 1
931 857
932 225
932 380
932 504
932 520
933 4
933 505
933 771
934 67
934 455
935 1
935 71
935 162
935 625
935 907
936 14
936 38
936 178
936 240
936 774
937 8
937 9
937 34
939 0
939 10
939 409
939 653
940 286
940 726
941 175
941 772
942 7
942 39
942 132
943 7
943 105
943 553
944 8
944 133
944 283
944 675
945 60
945 684
946 3
946 7
946 848
947 11
947 134
947 235
947 664
948 40
948 47
948 203
949 47
949 111
949 152
949 446
949 506
950 4
950 880
951 512
951 621
951 817
952 0
952 289
952 783
953 31
953 349
954 14
954 24
954 561
955 1
955 6
955 539
956 38
956 46
956 193
957 112
957 556
957 985
958 40
958 481
958 687
960 17
961 1
961 7
961 104
961 249
961 864
962 1
962 8
962 13
962 353
962 441
963 3
963 166
963 480
964 2
964 10
964 45
964 211
964 518
965 220
965 586
965 630
965 697
966 3
966 360
967 104
967 453
967 806
968 1
968 20
968 103
969 160
969 585
970 3
970 99
970 131
970 321
970 536
971 22
971 38
971 196
971 495
972 0
972 3
972 6
972 257
973 45
973 312
974 10
974 66
974 747
976 5
976 154
977 34
977 46
977 138
977 257
978 1
978 4
978 17
979 4
979 10
980 3
980 176
980 638
981 48
981 101
981 721
982 7
982 86
982 534
983 31
983 77
983 924
984 2
984 64
985 858
985 957
986 41
987 27
987 640
988 112
988 199
988 393
988 806
989 10
989 17
989 777
990 0
990 25
991 3
991 11
991 327
991 516
992 0
992 2
992 533
992 625
994 0
994 4
994 9
994 441
995 47
995 543
996 18
996 61
996 249
996 343
996 383
996 640
997 1
997 64
997 130
997 542
997 596
998 228
998 269
999 288
999 321
999 609
999 839
